whichnodes = [1,2,3,4,5,10,20,30,40,50,100,200,300,400,500];
num_trials = 1;
maxnnz = 10000;
tol = 1e-4;
t = 1;